{
  "nbformat": 4,
  "nbformat_minor": 0,
  "metadata": {
    "colab": {
      "provenance": [],
      "authorship_tag": "ABX9TyO3qdiWggbMm2XGg7HFWH27",
      "include_colab_link": true
    },
    "kernelspec": {
      "name": "python3",
      "display_name": "Python 3"
    },
    "language_info": {
      "name": "python"
    }
  },
  "cells": [
    {
      "cell_type": "markdown",
      "metadata": {
        "id": "view-in-github",
        "colab_type": "text"
      },
      "source": [
        "<a href=\"https://colab.research.google.com/github/FOFM030711/Caminata-aleatoria-1D/blob/main/Prueba%20de%20Rachas.ipynb\" target=\"_parent\"><img src=\"https://colab.research.google.com/assets/colab-badge.svg\" alt=\"Open In Colab\"/></a>"
      ]
    },
    {
      "cell_type": "markdown",
      "source": [
        "##PRUEBA DE INDEPENCIAS (RACHAS)"
      ],
      "metadata": {
        "id": "Z_uZRzSNAuA6"
      }
    },
    {
      "cell_type": "code",
      "execution_count": 1,
      "metadata": {
        "id": "vg_NgWzsAsT2"
      },
      "outputs": [],
      "source": [
        "import numpy as np #esta libereria es para hacer calculos númericos\n",
        "from scipy.stats import norm\n",
        "import scipy.stats as st"
      ]
    },
    {
      "cell_type": "markdown",
      "source": [
        "Consideremos la siguiente hipotesis nula:\n",
        "\n",
        "\n",
        "$H_0$:  los numeros de la muestra ${x_i}$ son independientes\n",
        "\n",
        "y luego\n",
        "\n",
        "$H_1$:  los numeros de la muestra ${x_i}$ no son independientes"
      ],
      "metadata": {
        "id": "42jdLJNnBwEy"
      }
    },
    {
      "cell_type": "markdown",
      "source": [],
      "metadata": {
        "id": "l11M_GWWCqE7"
      }
    },
    {
      "cell_type": "markdown",
      "source": [
        "**Paso 1**: Determine la secuencia $S$ de $0$ y $1$ la + y -, así:\n",
        "\n",
        "\n",
        "\n",
        "*   Si $x_i  \\leq x_{i-1}$n escribir $0$ (o \"-\")\n",
        "*   Si $x_i  > x_{i-1}$ escribir $0$ (o \"+\")\n",
        "\n",
        "\n",
        "\n"
      ],
      "metadata": {
        "id": "-Zs6Dww6CqF3"
      }
    },
    {
      "cell_type": "markdown",
      "source": [
        "La secuencia contiene $n-1$ numeros\n",
        "\n",
        "**Paso 2**: Contar el numero de rachas observadas $c_o$\n",
        "Una racha viene dada por el numero de ceros o unas secuencias que la forman.\n",
        "\n",
        "**Paso 3**: Calcule el valor esperado y la varianza del numero de rachas, asi como el estadistico $Z_0$ mediante:\n",
        "\n",
        "$\\mu$ = $\\frac{2n-1}{3}$\n",
        "\n",
        "\n",
        "$\\sigma$=$\\frac{16n-29}{90}$\n",
        "\n",
        "$Z_0$=$\\frac{c_o-\\mu}{\\sigma}$\n"
      ],
      "metadata": {
        "id": "8N3pdGqxDyUb"
      }
    },
    {
      "cell_type": "code",
      "metadata": {
        "colab": {
          "base_uri": "https://localhost:8080/"
        },
        "id": "7a50f3b6",
        "outputId": "1d791cf8-60e7-48bb-d608-ebe8e0483555"
      },
      "source": [
        "import numpy as np\n",
        "\n",
        "matriz = [\n",
        "    [0.78961, 0.05230, 0.10689, 0.55877, 0.14151],\n",
        "    [0.76086, 0.12079, 0.27738, 0.65726, 0.79269],\n",
        "    [0.80548, 0.82654, 0.29453, 0.20852, 0.42989],\n",
        "    [0.58518, 0.98611, 0.34488, 0.34358, 0.11537],\n",
        "    [0.89898, 0.57880, 0.67621, 0.05010, 0.00121],\n",
        "    [0.28269, 0.73059, 0.70119, 0.18284, 0.49962],\n",
        "    [0.38618, 0.76910, 0.68834, 0.55170, 0.10850],\n",
        "    [0.79982, 0.45679, 0.21631, 0.87616, 0.55743],\n",
        "    [0.58962, 0.33216, 0.03185, 0.61168, 0.09264],\n",
        "    [0.69823, 0.17028, 0.05475, 0.91512, 0.76262],\n",
        "    [0.29931, 0.30861, 0.83358, 0.51781, 0.03272],\n",
        "    [0.57410, 0.26593, 0.85903, 0.48338, 0.35288],\n",
        "    [0.24000, 0.65559, 0.38507, 0.90829, 0.94187],\n",
        "    [0.93655, 0.88809, 0.81772, 0.36982, 0.19904],\n",
        "    [0.54325, 0.62400, 0.09133, 0.41678, 0.33954],\n",
        "    [0.58244, 0.85853, 0.88752, 0.38729, 0.15506],\n",
        "    [0.23949, 0.53559, 0.33881, 0.49883, 0.75103],\n",
        "    [0.19962, 0.65002, 0.74579, 0.79113, 0.63453],\n",
        "    [0.19147, 0.40644, 0.08128, 0.73435, 0.22724],\n",
        "    [0.22287, 0.07281, 0.64183, 0.44267, 0.72102]\n",
        "]\n",
        "\n",
        "\n",
        "np_matriz = np.array(matriz)\n",
        "\n",
        "# la matriz transpuesta\n",
        "matriz_transpuesta = np_matriz.T\n",
        "\n",
        "\n",
        "print(\"\\nMatriz Transpuesta:\\n\", matriz_transpuesta)"
      ],
      "execution_count": 2,
      "outputs": [
        {
          "output_type": "stream",
          "name": "stdout",
          "text": [
            "\n",
            "Matriz Transpuesta:\n",
            " [[0.78961 0.76086 0.80548 0.58518 0.89898 0.28269 0.38618 0.79982 0.58962\n",
            "  0.69823 0.29931 0.5741  0.24    0.93655 0.54325 0.58244 0.23949 0.19962\n",
            "  0.19147 0.22287]\n",
            " [0.0523  0.12079 0.82654 0.98611 0.5788  0.73059 0.7691  0.45679 0.33216\n",
            "  0.17028 0.30861 0.26593 0.65559 0.88809 0.624   0.85853 0.53559 0.65002\n",
            "  0.40644 0.07281]\n",
            " [0.10689 0.27738 0.29453 0.34488 0.67621 0.70119 0.68834 0.21631 0.03185\n",
            "  0.05475 0.83358 0.85903 0.38507 0.81772 0.09133 0.88752 0.33881 0.74579\n",
            "  0.08128 0.64183]\n",
            " [0.55877 0.65726 0.20852 0.34358 0.0501  0.18284 0.5517  0.87616 0.61168\n",
            "  0.91512 0.51781 0.48338 0.90829 0.36982 0.41678 0.38729 0.49883 0.79113\n",
            "  0.73435 0.44267]\n",
            " [0.14151 0.79269 0.42989 0.11537 0.00121 0.49962 0.1085  0.55743 0.09264\n",
            "  0.76262 0.03272 0.35288 0.94187 0.19904 0.33954 0.15506 0.75103 0.63453\n",
            "  0.22724 0.72102]]\n"
          ]
        }
      ]
    },
    {
      "cell_type": "markdown",
      "source": [
        "Obtengamos el numero de rachas"
      ],
      "metadata": {
        "id": "GTCTc8pdH-Ej"
      }
    },
    {
      "cell_type": "code",
      "source": [
        "\n",
        "np_matriz = np.array(matriz)\n",
        "\n",
        "# Función para contar rachas por filas\n",
        "def contar_rachas(m):\n",
        "    # Convertimos a binaria (>0.5 = 1, <=0.5 = 0)\n",
        "    binaria = (m > 0.5).astype(int)\n",
        "\n",
        "    total_rachas = 1\n",
        "\n",
        "    for fila in binaria:\n",
        "        rachas = 6\n",
        "        for i in range(1, len(fila)):\n",
        "            if fila[i] != fila[i-1]:\n",
        "                rachas += 1\n",
        "        total_rachas += rachas\n",
        "\n",
        "    return total_rachas\n",
        "\n",
        "\n",
        "# Matriz transpuesta\n",
        "matriz_transpuesta = np_matriz.T\n",
        "rachas_transpuesta = contar_rachas(matriz_transpuesta)\n",
        "\n",
        "\n",
        "print(\"Número total de rachas (matriz transpuesta):\", rachas_transpuesta)"
      ],
      "metadata": {
        "colab": {
          "base_uri": "https://localhost:8080/"
        },
        "id": "ghqcOwu8LfEw",
        "outputId": "58357807-27e5-457a-87ab-909e662266e8"
      },
      "execution_count": 44,
      "outputs": [
        {
          "output_type": "stream",
          "name": "stdout",
          "text": [
            "Número total de rachas (matriz transpuesta): 71\n"
          ]
        }
      ]
    },
    {
      "cell_type": "code",
      "source": [
        "binario_secuencias = []\n",
        "\n",
        "for row in matriz_transpuesta:\n",
        "    binario_secuencias_row = []\n",
        "    for i in range(1, len(row)): #Empezar desde el segundo elemento\n",
        "        if row[i] > row[i-1]:\n",
        "            binario_secuencias_row.append('1')\n",
        "        else:\n",
        "            binario_secuencias_row.append('0')\n",
        "    binario_secuencias.append(''.join(binario_secuencias_row))\n",
        "\n"
      ],
      "metadata": {
        "id": "vqezKplzJ2VR"
      },
      "execution_count": 5,
      "outputs": []
    },
    {
      "cell_type": "code",
      "source": [
        "print(\"Secuencias binarias generadas:\")\n",
        "for seq in binario_secuencias:\n",
        "    print(seq)"
      ],
      "metadata": {
        "colab": {
          "base_uri": "https://localhost:8080/"
        },
        "id": "3FV3ECpzKL_5",
        "outputId": "bd02951b-f1db-4ee5-f967-11e030b65406"
      },
      "execution_count": 6,
      "outputs": [
        {
          "output_type": "stream",
          "name": "stdout",
          "text": [
            "Secuencias binarias generadas:\n",
            "0101011010101010001\n",
            "1110110001011010100\n",
            "1111100011101010101\n",
            "1010111010010101100\n",
            "1000101010110101001\n"
          ]
        }
      ]
    },
    {
      "cell_type": "markdown",
      "source": [
        "\n",
        "Ahora bien, procedamos $\\mu$ = $\\frac{2n-1}{3}$"
      ],
      "metadata": {
        "id": "O-kol99OLTu5"
      }
    }
  ]
}